-2.793984914367122485e-01 -3.790846249200753582e-02 8.275253749383008062e-01
-1.931680806598731870e+00 -4.128501252277861910e-01 2.103238366120050884e+00
3.457959496800811827e+00 -3.129152556168157129e-01 -2.837821125283319201e+00
-2.957759090686958303e-01 -9.149490099100556773e-01 3.524469802765369808e-01
2.002454181801982980e+00 -2.017311015054477963e+00 8.756158563454705668e-01
-3.161285526844671567e-01 -9.907471547562090031e-01 2.042796902608475518e-01
-5.404750512935026230e-02 -3.553577950450885481e-02 2.860717298963422750e-01
4.359002286053842434e-01 -8.847978491033099413e-01 5.566214505498714438e-01
-4.381780682948285266e-01 -2.336030795977111774e-01 6.301727361839296604e-01
2.432881420849006826e+00 -1.835745456145655874e+00 -2.435642618608109267e+00
2.606063028972703144e+00 3.545751969125085501e-01 -2.674268420387268641e+00
6.454000507417074761e-01 2.898905871865361528e-01 -1.267030237879334109e+00
1.154707707728439281e-01 4.213250623560844677e-01 9.067454081354203721e-01
-2.688611221829360631e-01 7.511539803614078470e-02 8.200791764068851020e-01
-1.520631247847269663e+00 1.932549324194546836e+00 -1.398570433670331958e+00
-1.223769551320224441e-01 2.602420942432304596e+00 -1.559297777786175176e+00
-5.685549164568508118e+00 -3.992209836326316541e+00 7.122450013075487085e+00
1.441967803992510178e-01 -9.435473543517787498e-02 -1.399198443242275047e+00
-5.685803868358947355e-01 4.153792573773150920e+00 -2.165064726607387691e+00
-2.556528032737192535e-01 -3.087378957106501898e-01 5.160916219314073405e-01
-2.940872988398854360e-01 -2.284039170191987933e-01 3.023211283231506119e-01
-9.563597324348640516e-01 4.851280269132888234e-01 5.238225881542302176e-02
2.157188064317829695e-03 -1.615071931224240642e-01 1.028053038547056819e-02
-4.842857380211919027e-01 -6.329018075062080584e-01 -3.410627345859752746e-02
1.087687103721081794e+00 -7.038607594562303893e-01 -7.692385616481555166e-01
-1.378270077847816300e+00 4.600451979983808948e-01 3.224669864733700209e-01
3.365060410875183816e+00 -1.409532945897946865e+00 -3.667123907522013226e+00
-3.016088270567881535e-01 -5.345899667103997110e-01 1.156159101507427955e+00
-6.209011101332778670e-01 -7.013859805146237525e-01 7.381993614329113162e-01
-2.989516306744851804e+00 3.117799910492151660e-01 2.063771643481137286e+00
-7.839047692582612470e-01 1.223918693512161759e+00 6.530233356949004531e-01
-2.742103532364103646e+00 5.704204402661311457e-01 1.558013304610794458e+00
5.974568567119286078e-01 1.001810630349710962e-01 -5.843773668234937269e-01
2.729031827058111759e+00 -4.468020918922203322e+00 2.405651107729697813e+00
-8.542138342757023273e-02 6.987792083040093027e-01 -8.958938770225566284e-02
-2.988838974860152931e-01 8.662758178405682852e-02 4.305969627801755073e-01
-1.799004501411158863e+00 3.256079383594969179e-01 1.094645756908871226e+00
8.373202762670794996e-01 -1.237112368105087318e-02 -6.355570596655317761e-01
3.105263847281538592e-01 -1.092624466722459831e+00 -8.160894486895281519e-02
-4.198711053914450098e+00 3.524574035228993818e+00 -1.415953684949946778e+00
-3.540868434683685506e-01 -3.140576332841827356e-01 -4.692479822622183661e-01
-2.196915432435181614e+00 3.034141382270417520e+00 -8.581675086882875059e-01
-2.806855090853654366e-01 -2.169000454036301151e-01 5.884256938531014225e-02
-1.678712064516052135e-02 -1.623377465942599240e-01 -3.637253812783834417e-01
-3.390856373136869051e-01 -7.224250683615336850e-03 -2.598663478893092904e-01
-2.590803816198795073e-01 8.808031620710370380e-01 -2.930518330320143749e-01
-7.449365167292761047e-02 3.539965291619227017e-01 3.344639340571581299e-01
3.539374782992914970e+00 -3.366844465583270107e+00 9.172777435755707920e-01
8.728125094691845109e-02 -2.289435990070038535e-02 1.328034111069983925e-01
-6.375342976005515805e-01 4.550348390219643768e+00 -3.568604955857735739e+00
-1.865826824699125253e-01 5.272098997383107832e-01 -8.955635535197041808e-01
